    valence  year  acousticness  danceability  duration_ms  ...  loudness  mode  popularity  speechiness    tempo
0    0.1070  2019       0.17700         0.830       129882  ...    -7.822     1          83       0.2350   85.042
1    0.4140  2018       0.61300         0.554       207308  ...    -8.163     0          68       0.2310   74.982
2    0.3090  2020       0.05640         0.415       214987  ...    -3.650     0          65       0.3200  191.777
3    0.3300  2011       0.41100         0.740       140747  ...    -6.938     1          72       0.2450  149.762
4    0.0439  2020       0.06290         0.698       232453  ...    -6.525     1          53       0.0456  156.989
5    0.1220  2020       0.08950         0.644       330587  ...    -8.171     0          46       0.0342  134.963
6    0.1440  2021       0.00575         0.711       252070  ...    -5.453     1          84       0.3290  134.140
7    0.5820  2021       0.07490         0.529       220133  ...    -6.259     0          68       0.0401  179.821
8    0.2480  2007       0.00287         0.526       253587  ...    -5.822     1          89       0.0568  140.266
9    0.3990  2020       0.01530         0.773       162680  ...    -7.930     1          90       0.0299   94.995
10   0.4940  2020       0.08420         0.837       176233  ...    -7.749     0          89       0.0822   94.984
11   0.0681  2016       0.05280         0.557       181573  ...    -4.570     1          78       0.0382   96.091
12   0.6300  2021       0.04380         0.546       339250  ...    -5.582     1          82       0.3700  137.728
13   0.2120  2021       0.00904         0.798       226653  ...    -6.466     1          88       0.1680  118.029
14   0.2260  2020       0.03530         0.315       203027  ...    -6.710     0          58       0.0530   79.175
15   0.4710  2018       0.22400         0.764       158421  ...    -8.559     1          81       0.1540   92.011
16   0.4430  2020       0.20800         0.803       222242  ...    -5.226     0          52       0.0506  131.983
17   0.3150  2018       0.07350         0.609       324467  ...    -7.388     0          80       0.0548   90.009
18   0.2190  2019       0.02140         0.344       244720  ...    -3.711     0          69       0.0422   97.500
19   0.4570  2020       0.28000         0.705       210915  ...    -5.080     0          63       0.1840   94.996

[20 rows x 15 columns]